4
2

1 4
2 1 1 1

5 1
0.0 0.0 0.0
5.0 0.0 0.0
7.5 0.0 5.0
2.5 0.0 10.0
-2.5 0.0 5.0

3 1
0.0 20.0 0.0
5.0 20.0 0.0
2.5 20.0 5.0

3 1
15.0 0.0 10.0
-15.0 0.0 10.0
0.0 0.0 -18.0

3 1
0.0 25.0 0.0
5.0 25.0 0.0
2.5 25.0 5.0




0
1
0.0 0.0 0.0
270.0 0.0 90.0
0.0 0.0 0.0
1.0 1.0 1.0
1.0 1.0 0.0
6
-1
0.0 0.0 0.0
270.0 0.0 90.0
0.0 0.0 0.0
0.25 0.25 0.25
1.0 1.0 1.0

2
1
0.0 0.0 0.0
270.0 0.0 90.0
0.0 0.0 0.0
1.0 1.0 1.0
1.0 0.0 0.0
5
-1
0.0 0.0 0.0
270.0 0.0 90.0
0.0 0.0 0.0
0.25 0.25 0.25
0.0 1.0 0.0

1
1
0.0 0.0 0.0
0.0 270.0 90.0
0.0 0.0 0.0
1.0 1.0 1.0
0.0 0.0 0.0
7
-1
0.0 0.0 0.0
90.0 0.0 90.0
0.0 0.0 0.0
0.25 0.25 0.25
1.0 0.0 0.0

3
1
0.0 0.0 0.0
90.0 0.0 90.0
0.0 0.0 0.0
1.0 1.0 1.0
1.0 0.0 0.0
4
-1
0.0 0.0 0.0
0.0 180.0 270.0
0.0 0.0 0.0
0.25 0.25 0.25
0.0 0.0 1.0




48

10
-1
0.0 -1.0 0.0
0.0 0.0 0.0
0.0 0.0 0.0
120.0 0.5 120.0
0.0 0.3 0.3


10
1
40.0 1.0 0.0
0.0 0.0 0.0
0.0 0.0 0.0
20.0 5.0 40.0
0.7 0.7 0.7
10
1
40.0 1.0 0.0
0.0 120.0 0.0
0.0 0.0 0.0
20.0 5.0 40.0
0.7 0.7 0.7
10
1
40.0 1.0 0.0
0.0 240.0 0.0
0.0 0.0 0.0
20.0 5.0 40.0
0.7 0.7 0.7


10
-1
0.0 -0.51 0.0
0.0 0.0 0.0
0.0 0.0 0.0
6.0 2.0 6.0
0.7 0.7 0.7
9
-1
0.0 0.0 2.0
90.0 0.0 0.0
0.0 0.0 0.0
5.0 5.0 5.0
0.5 0.5 0.5
17
2
0.0 0.0 3.5
270.0 0.0 0.0
0.0 0.0 0.0
6.1 6.1 6.1
1.0 1.0 1.0


8
1
12.0 1.1 32.2
0.0 30.0 0.0
0.0 0.0 0.0
12.0 10.0 5.0
1.0 1.0 1.0
8
1
0.0 1.1 32.2
0.0 30.0 0.0
0.0 0.0 0.0
12.0 10.0 5.0
1.0 1.0 1.0
8
1
-12.0 1.1 32.2
0.0 30.0 0.0
0.0 0.0 0.0
12.0 10.0 5.0
1.0 1.0 1.0

8
1
-12.0 1.1 32.2
0.0 150.0 0.0
0.0 0.0 0.0
12.0 10.0 5.0
1.0 1.0 1.0
8
1
0.0 1.1 32.2
0.0 150.0 0.0
0.0 0.0 0.0
12.0 10.0 5.0
1.0 1.0 1.0
8
1
12.0 1.1 32.2
0.0 150.0 0.0
0.0 0.0 0.0
12.0 10.0 5.0
1.0 1.0 1.0

8
1
-12.0 1.1 32.2
0.0 270.0 0.0
0.0 0.0 0.0
12.0 10.0 5.0
1.0 1.0 1.0
8
1
0.0 1.1 32.2
0.0 270.0 0.0
0.0 0.0 0.0
12.0 10.0 5.0
1.0 1.0 1.0
8
1
12.0 1.1 32.2
0.0 270.0 0.0
0.0 0.0 0.0
12.0 10.0 5.0
1.0 1.0 1.0

16
2
40.0 14.0 0.0
0.0 0.0 0.0
0.0 270.0 0.0
50.0 30.0 30.0
1.0 1.0 1.0




0
4
34.0 6.0 -12.5
0.0 120.0 0.0
0.0 0.0 0.0
5.0 5.0 5.0
1.0 0.0 0.0

2
2
34.0 6.0 0.0
0.0 120.0 0.0
0.0 0.0 0.0
10.0 10.0 10.0
1.0 0.0 0.0

0
3
34.0 6.0 12.5
0.0 120.0 0.0
0.0 0.0 0.0
5.0 5.0 5.0
1.0 0.0 0.0

0
4
46.0 6.0 -12.5
0.0 120.0 0.0
0.0 180.0 0.0
5.0 5.0 5.0
1.0 0.0 0.0

0
3
46.0 6.0 0.0
0.0 120.0 0.0
0.0 180.0 0.0
5.0 5.0 5.0
1.0 0.0 0.0

0
4
46.0 6.0 12.5
0.0 120.0 0.0
0.0 180.0 0.0
5.0 5.0 5.0
1.0 0.0 0.0



3
-1
34.0 4.2 -6.0
0.0 120.0 0.0
0.0 90.0 0.0
3.0 3.0 3.0
0.0 1.0 0.0

3
-1
34.0 4.2 6.0
0.0 120.0 0.0
0.0 90.0 0.0
3.0 3.0 3.0
0.0 1.0 0.0

3
-1
46.0 4.2 -6.0
0.0 120.0 0.0
0.0 -90.0 0.0
3.0 3.0 3.0
0.0 1.0 0.0

3
-1
46.0 4.2 6.0
0.0 120.0 0.0
0.0 -90.0 0.0
3.0 3.0 3.0
0.0 1.0 0.0



18
0
36.0 4.0 -8.0
0.0 120.0 0.0
0.0 0.0 0.0
10.0 10.0 10.0
0.0 0.0 0.0

18
0
36.0 4.0 8.0
0.0 120.0 0.0
0.0 0.0 0.0
10.0 10.0 10.0
0.0 0.0 0.0

18
0
44.0 4.0 -8.0
0.0 120.0 0.0
0.0 180.0 0.0
10.0 10.0 10.0
0.0 0.0 0.0

18
0
44.0 4.0 8.0
0.0 120.0 0.0
0.0 180.0 0.0
10.0 10.0 10.0
0.0 0.0 0.0






21
3
43.0 8.5 -3.0
0.0 240.0 0.0
0.0 0.0 0.0
10.0 10.0 10.0
0.0 0.0 0.0

21
3
39.0 8.5 -10.0
0.0 240.0 0.0
0.0 0.0 0.0
10.0 10.0 10.0
0.0 0.0 0.0

21
3
45.0 8.5 -5.0
0.0 240.0 0.0
0.0 0.0 0.0
10.0 10.0 10.0
0.0 0.0 0.0

21
3
37.0 8.5 -6.0
0.0 240.0 0.0
0.0 0.0 0.0
10.0 10.0 10.0
0.0 0.0 0.0

21
3
44.0 8.5 -1.0
0.0 240.0 0.0
0.0 0.0 0.0
10.0 10.0 10.0
0.0 0.0 0.0

21
3
34.0 8.5 7.0
0.0 240.0 0.0
0.0 0.0 0.0
10.0 10.0 10.0
0.0 0.0 0.0

21
3
32.0 8.5 6.0
0.0 240.0 0.0
0.0 0.0 0.0
10.0 10.0 10.0
0.0 0.0 0.0

21
3
50.0 8.5 -7.0
0.0 240.0 0.0
0.0 0.0 0.0
10.0 10.0 10.0
0.0 0.0 0.0

21
3
41.0 8.5 -2.0
0.0 240.0 0.0
0.0 0.0 0.0
10.0 10.0 10.0
0.0 0.0 0.0

21
3
32.0 8.5 -8.0
0.0 240.0 0.0
0.0 0.0 0.0
10.0 10.0 10.0
0.0 0.0 0.0

21
3
48.0 8.5 0.0
0.0 240.0 0.0
0.0 0.0 0.0
10.0 10.0 10.0
0.0 0.0 0.0

21
3
46.0 8.5 -9.0
0.0 240.0 0.0
0.0 0.0 0.0
10.0 10.0 10.0
0.0 0.0 0.0

21
3
47.0 8.5 4.0
0.0 240.0 0.0
0.0 0.0 0.0
10.0 10.0 10.0
0.0 0.0 0.0

21
3
33.0 8.5 2.0
0.0 240.0 0.0
0.0 0.0 0.0
10.0 10.0 10.0
0.0 0.0 0.0

21
3
42.0 8.5 -3.0
0.0 240.0 0.0
0.0 0.0 0.0
10.0 10.0 10.0
0.0 0.0 0.0

21
3
35.0 8.5 8.0
0.0 240.0 0.0
0.0 0.0 0.0
10.0 10.0 10.0
0.0 0.0 0.0

21
3
40.0 8.5 10.0
0.0 240.0 0.0
0.0 0.0 0.0
10.0 10.0 10.0
0.0 0.0 0.0